2513
2534
196
3447
3026
3400
3498
2217
1666
2778
3897
71
808
2272
2736
366
2760
2955
3853
3093
668
1620
532
3094
257
1996
3464
1884
2168
390
2197
2332
2166
347
360
2360
370
3395
3312
395
1718
142
4157
3192
29
124
188
252
1049
3467
1295
2321
1852
4158
3158
96
107
155
215
277
1694
2032
226
1997
2703
1834
1660
296
2262
2723
343
2959
2008
3274
1699
208
218
397
908
3901
744
1739
2172
1703
751
3776
1401
2177
1288
98
2037
323
1406
649
316
1457
378
806
3766
3815
3849
2182
1764
3293
3165
1696
3088
3768
511
800
802
1635
1522
1691
1416
608
2085
2253
382
254
1450
830
1116
1396
2181
76
1581
639
19
3652
3794
3355
1866
352
1659
3896
3903
2718
472
3116
818
1503
2950
959
1019
1677
2690
53
335
144
1191
1232
2123
1289
1323
2232
1893
2026
2028
83
65
278
2006
420
90
3633
1720
3854
409
1951
2887
1787
2978
899
2758
73
880
16
3029
2107
1901
3938
2060
2953
3489
3499
3416
3441
3496
2072
579
1308
2756
3936
3940
1113
3142
2776
3372
3166
3195
766
828
1081
2304
2345
2051
1878
222
1003
2910
2958
93
3919
3928
3929
3909
2574
615
2876
948
2729
3148
3487
3405
3413
3502
3404
3411
2031
3184
3561
1473
835
3907
3908
3911
3912
672
2039
1648
276
1296
733
1869
2362
2122
2667
2276
3446
1683
3329
1528
1020
3923
3924
3926
3947
3956
3958
3959
3962
3963
869
909
956
978
979
2236
2971
1000
3306
171
3016
1790
1344
1675
2087
2257
2045
3630
3759
2628
1459
1365
1678
2320
97
1454
1792
3506
496
2323
1249
786
1265
640
2770
2052
3249
1672
811
2771
1952
2326
89
2007
2732
2089
1320
2097
25
1163
3047
345
673
426
475
747
15
28
48
3493
955
3934
552
704
3490
3294
3581
400
2069
437
3789
3694
3754
3415
1854
2996
1392
508
569
3403
290
1076
101
699
341
1484
1389
790
838
1359
3836
1667
691
980
1993
2142
2216
1807
244
1576
1890
1421
2023
206
618
623
3422
3569
3900
3140
2361
1035
834
543
1181
1663
1669
3557
3577
570
1445
644
726
3772
3639
1500
1957
2156
2233
1846
2043
305
1913
3895
3902
234
3904
1009
526
1727
1746
557
574
604
1271
1293
1322
1353
1126
1150
1172
1213
1596
1384
1373
3951
3953
3552
1520
3198
3288
3331
3357
2277
102
163
182
1107
1108
1114
2290
522
1670
1430
1433
2046
548
1048
3950
3952
1857
2873
110
118
128
147
168
176
191
211
228
3300
3303
3311
3319
3342
1762
1199
3210
3214
3251
3471
123
239
265
1258
3144
230
3023
3199
848
3427
3433
3450
63
3044
3281
2153
1812
755
3124
3143
3151
130
150
170
177
193
212
235
245
255
87
108
116
145
174
189
225
3298
3317
3504
3194
3217
3232
706
1156
3272
3316
3359
1460
3212
26
3250
238
242
253
272
1031
1057
3228
39
127
166
204
262
3470
1046
1090
1071
1103
1209
179
194
214
2527
233
2278
281
289
3004
320
331
745
141
1598
1563
82
2009
1723
2162
485
534
326
555
567
587
3373
3051
1643
2047
832
852
256
868
772
3402
2303
1949
3000
3205
2309
439
1011
1585
1043
1004
2112
1183
585
1021
711
92
470
507
3358
3371
3082
3100
3461
783
683
3177
3189
761
782
2525
482
3309
2266
701
721
732
697
740
752
919
2041
1915
785
1907
1601
814
874
474
2896
580
1405
12
348
2292
1719
2300
1461
2311
2318
3041
2294
2341
2307
2315
2347
2336
2358
799
2119
825
2301
3335
605
2235
3330
876
2895
2987
2991
2993
80
243
789
3034
2293
2302
2314
2329
2342
2344
2165
2354
2062
2213
2096
1850
1861
1885
1892
1910
2348
2223
2878
2245
1860
1872
1891
2227
2136
1855
1871
1916
1930
1942
210
935
1189
1193
2064
1888
2939
57
2657
2671
2757
2777
3444
1933
3460
3105
3167
3180
3262
518
521
524
3013
3346
340
2952
2687
560
1310
2061
1254
403
3478
3095
184
1098
2254
1583
1370
1551
2281
1928
232
3139
3146
2754
2762
2769
2779
670
1621
313
709
164
1302
2351
763
757
1579
2042
2339
2256
836
554
824
1882
3338
1886
151
860
1919
1936
1945
51
217
178
730
1972
132
2753
1594
776
1805
780
1679
2977
2926
161
1902
1904
1912
1924
1939
205
929
167
1510
2848
2867
2962
2972
2980
417
901
2947
894
3003
3452
43
72
3425
3431
1397
231
1664
2829
1224
2831
2832
2673
1574
2724
1050
484
2976
2945
2951
928
1480
1927
477
2604
976
1633
1702
1767
1321
1494
3028
2291
2297
2317
2337
2346
2356
2075
2044
2961
2005
1652
288
302
318
328
3345
351
3132
1755
369
3396
393
2938
1238
148
175
1094
1106
1858
1897
3340
3002
3152
1080
1967
3201
3339
2071
693
1404
432
2768
1252
1711
1409
264
1591
1616
488
1612
1867
3160
3197
3208
3275
3313
3321
3348
3283
1853
1708
3138
3159
1261
3200
3273
505
509
540
2018
578
1829
3368
1615
3096
3162
3183
659
2067
3322
2849
1391
3449
3456
58
41
67
85
100
52
1905
3206
3519
169
359
419
3586
3595
3607
3617
3623
3628
3634
3638
3643
3647
3653
1305
1314
1336
1349
1366
1127
1141
1147
1164
1174
696
1424
2118
473
2979
1136
2128
538
3356
556
495
1808
3370
3099
3102
3168
3182
3018
654
2034
671
1953
2328
5
486
497
545
768
9
22
30
40
47
66
94
2632
2727
2872
2960
2965
2916
2946
2948
3001
2617
2767
2549
1836
3118
1521
1504
2068
342
350
546
631
1022
346
367
550
635
645
3880
676
2835
2843
762
610
299
2964
1226
2919
2612
2621
2631
685
705
713
731
414
425
433
478
493
504
760
8
3453
2132
3150
3344
3480
113
436
20
658
677
707
718
742
418
430
438
471
492
500
754
779
18
27
37
46
64
78
88
2523
3501
3278
3308
461
487
498
748
300
304
310
324
332
1441
1452
1465
1475
2174
2111
1851
1862
1887
1900
1918
1934
1943
213
1487
374
380
387
933
1077
784
793
796
797
801
807
812
816
819
833
849
859
878
890
906
926
1053
1112
3014
301
329
1447
679
2131
219
716
729
1932
405
753
583
2192
3101
1592
787
1610
804
826
3472
1926
2264
3401
865
1299
275
815
840
911
17
24
45
60
86
103
3414
714
3583
3594
3606
3616
1032
3765
3098
3520
263
646
501
3587
3596
3608
3620
1483
1559
791
855
889
971
990
513
541
308
1734
1456
1760
1497
1026
408
1055
1246
1085
1200
877
149
904
958
2893
303
322
977
1010
535
1744
1783
1044
1063
1100
1682
759
1375
1119
1144
1153
1169
1190
1206
1223
1234
1247
1253
1604
1618
1636
1641
1653
1657
1676
1688
1693
1710
1716
1383
1395
1419
1432
573
1709
992
1015
515
536
544
1748
1768
1793
614
1264
1272
1285
1791
3882
559
572
588
603
627
1267
1279
1306
1316
1268
1283
1290
1307
1324
1001
510
519
523
531
539
1733
1738
1758
1770
1785
295
309
330
1449
1464
1470
1485
1502
1198
1222
1233
1239
1251
1599
1611
1640
1647
1656
1671
1681
1704
1713
1724
1390
1417
1426
1092
1358
479
1379
577
491
1079
750
873
675
1961
1971
1899
1257
1609
1622
1630
1654
1662
1680
1695
1717
1388
1413
1423
1440
520
3477
1595
84
1735
3884
1436
598
617
1087
792
975
1023
1962
91
1794
3881
563
584
594
1920
1061
1773
1799
667
1958
1968
1340
1351
1374
1129
1143
1151
1168
1187
1201
1978
1895
259
1814
1989
1995
1868
68
2082
2110
1938
2126
1018
344
549
377
643
652
710
669
1327
725
553
2004
2024
2038
2055
1508
1543
1569
1983
764
2141
146
1797
561
581
591
611
1260
1060
1075
1099
1701
2785
2786
224
284
321
1469
1069
2274
2201
3877
1988
2077
2140
2183
2226
2248
1819
388
551
2016
1825
1684
1700
2003
2033
1726
1533
1577
285
1518
2100
3469
737
2669
2725
2755
2765
2774
2548
3430
3445
3455
44
3277
3282
2196
1507
375
379
386
823
841
854
867
886
898
912
957
966
974
986
600
1525
371
1024
349
372
630
641
647
664
681
695
708
722
743
422
2091
2124
2144
2167
2180
2195
2230
2243
2251
2271
2282
1815
1824
1835
1698
398
1352
662
2000
2017
2027
2049
1512
1532
1550
1573
771
961
973
985
997
506
516
1759
1778
1786
1795
558
571
586
599
616
1266
1273
1286
1303
1309
1333
1342
1361
1376
1122
1145
1161
1171
1192
1212
1228
153
1439
1992
2828
2728
2106
3756
1534
1540
1560
221
1297
1235
1250
1256
1606
1619
1381
1393
1418
1429
1105
758
1132
95
1367
576
602
941
862
993
431
1965
1975
1906
1833
1986
1991
2073
3771
3781
3788
3800
3803
3806
3809
3812
3784
2150
1990
2170
476
2185
2070
2200
2090
2206
2116
2222
2129
2231
2130
2143
2259
2176
2191
2207
2247
2287
1980
1994
2101
2145
2198
2221
3878
2270
1813
229
3009
1658
1221
1067
1037
298
2149
2285
1564
2784
105
2312
2261
1472
827
2783
3012
1495
1442
1453
1468
1478
1489
381
396
402
938
3465
788
809
813
817
821
837
850
863
879
893
907
930
931
939
940
943
1443
3541
3543
3556
3568
3580
738
525
595
1350
3852
3829
3831
1479
3599
3603
3570
3529
965
1005
1030
3252
1104
712
268
891
512
717
376
2726
1446
1162
1176
3629
3635
3640
3644
3649
3654
3762
3193
3602
775
197
3761
1466
996
1068
1089
1028
249
502
2246
2283
2225
2263
1832
1981
126
2125
2169
2202
2280
1514
1999
2025
1849
411
663
2022
2053
1513
1554
778
1425
547
358
634
1830
69
684
702
3658
3668
3679
4162
4167
4171
3748
3755
1511
1516
3410
2115
1549
1568
3513
365
1245
1613
1414
1088
2209
2894
2766
216
1580
566
1291
3626
3631
3636
3641
3645
3650
3655
3667
3678
4159
4161
4164
4166
4170
3817
678
917
1584
2001
1207
1218
434
2187
292
1167
3600
3604
831
947
1542
1818
918
3563
1394
1072
1368
2237
3747
1407
1974
1016
736
3551
517
1541
1448
139
1593
1527
1536
2220
1557
529
3336
3883
3448
3179
240
3299
1476
1149
1159
1707
875
2048
421
3562
1467
1809
1674
3289
157
847
1219
3584
1275
134
995
3434
3473
1338
1109
1360
1378
1399
192
3760
589
1292
3565
719
2975
1477
1157
441
1205
3790
1155
1284
1311
2551
1125
138
2306
158
1486
3207
2949
1838
967
988
2066
735
953
969
983
1765
2794
3202
21
99
1175
1208
1269
2121
1763
133
2937
3211
3042
3297
1165
896
2333
1474
2710
1977
1491
1515
1526
2113
2219
2117
273
1139
1634
2012
1538
952
1556
2058
1572
54
2186
1243
960
982
1435
2203
2076
2781
887
2880
905
2734
2289
2054
2059
820
1007
964
2288
1006
1626
389
227
1185
2086
1625
1721
1499
861
963
109
494
1987
1566
2267
1894
872
3463
1422
882
951
1651
1917
3659
3666
4160
4163
4165
4169
3750
3758
3769
3774
3782
3801
3804
3807
3810
3816
3832
3837
633
3347
2114
1545
3050
59
1757
1227
1096
1810
2997
3027
3494
2359
2877
2780
2343
3842
3786
3751
3770
3787
3795
3799
3802
3808
3811
1517
1537
1561
749
131
312
1434
361
734
114
125
137
152
183
202
220
237
241
248
260
104
279
1033
1047
1058
1073
1095
1110
1210
2173
1822
1940
2998
1789
2966
1865
1828
1482
609
1177
613
687
648
1196
781
1231
2355
1903
1603
1282
1312
1326
1186
2773
1501
2605
3186
582
1371
1377
3343
1229
601
3593
3597
3610
4153
3622
2078
2163
1328
1650
391
1025
1546
6696
4429
2733
4243
970
4244
2063
3566
3573
3578
655
715
499
1330
1158
3462
1242
1463
810
922
1091
1539
2093
2249
3454
3337
3524
3528
3550
3553
3567
3574
3582
7153
7154
7155
7156
7157
7158
7159
7160
7161
7162
7163
7292
7293
7294
7295
7296
7297
7298
7299
7300
7301
7302
606
607
407
1880
1036
2847
2990
1148
1802
1840
406
2716
1631
1017
1065
1084
1280
1138
1706
803
1086
527
3627
3632
3783
3642
3646
3651
3656
3665
4237
4238
4239
4240
4231
4232
7107
7108
7109
7110
7111
7112
7113
7114
7115
7116
1490
2350
1329
1331
6
77
180
297
1241
1204
1873
1225
1237
1263
1605
944
3035
2094
306
1817
1332
427
3185
1142
2357
2133
2286
1816
1929
7164
7165
7166
7167
7168
7169
7170
7171
7172
7173
7174
7175
7176
7177
7178
7179
7180
7181
2284
62
897
900
920
936
2775
950
981
3156
1038
1082
207
3775
769
1152
261
1211
870
1220
1236
1276
2981
1315
2986
1343
1372
1382
2175
1408
3196
7303
7304
7305
7306
7307
7308
7309
7310
7311
7312
7313
7314
7315
7316
7317
286
1798
2127
2211
2258
1848
1948
3542
1059
3564
3571
3576
356
700
481
1769
1278
1369
864
822
1877
1552
3514
503
2772
2989
1270
3544
1523
2229
2083
1777
902
924
1925
1896
1655
3203
1178
1665
1481
1111
135
3692
4168
4172
3749
3757
3767
3773
3791
3813
3848
3851
3785
3830
3839
2214
3846
3847
892
3601
3605
857
7132
7133
7134
7135
7136
7137
7138
7139
7140
7141
7142
7143
7144
7145
7146
7147
7148
7149
7150
7151
7152
1002
1012
2691
3517
3468
274
1215
2095
428
3438
7196
7197
7198
7199
7200
7201
7202
7203
7204
7205
7206
7207
7208
7209
7210
7211
7212
7213
7214
7215
7216
7217
7218
7219
7220
7221
7222
7223
7224
7225
7226
7227
7318
7319
7321
7322
7324
7327
6640
6642
6649
4177
6662
7100
7103
7106
4042
4423
4424
4425
6737
5363
4221
4222
4223
4224
4225
4226
4227
4228
4229
4230
4233
4234
4235
4236
7228
7229
7230
7231
7232
7233
7234
7235
7236
7237
7238
7239
7240
7241
7242
7243
7244
7245
7246
7247
7248
7249
7250
7251
7252
7253
7254
7255
7256
7257
7258
7259
4046
4051
6650
6660
6663
6637
6638
6641
6643
6644
6645
6646
6647
7101
7104
4039
4043
4044
4049
1354
3972
4073
4076
7004
7007
7010
4040
4048
4050
4045
4071
4074
4077
7005
7008
7011
7013
7015
7017
7020
7023
7026
7027
7028
7029
7033
7037
7041
7045
7049
7053
7057
7061
7065
7072
7117
7118
7119
7120
7121
7122
7123
7124
7125
7126
7127
7128
7129
7130
7131
7320
7323
7325
7326
7328
7329
7330
7331
7332
7333
7334
7335
7336
7337
7338
7339
7340
7341
7342
7343
7344
7345
7346
7347
7348
7349
7350
7351
7352
7353
7354
7355
7076
7001
7002
7003
7006
7009
7012
7014
7016
7019
7054
7058
7062
7066
7069
7182
7183
7184
7185
7186
7187
7188
7189
7190
7191
7192
7193
7194
7195
7260
7261
7262
7263
7264
7265
7266
7267
7268
7269
7270
7271
7272
7273
7274
7275
7276
7277
7278
7279
7280
7281
7282
7283
7284
7285
7286
7287
7288
7289
7290
7291
4047
4054
4072
4075
4078
6648
6651
6661
7099
7102
7105
4041
7388
7389
7390
7391
7392
7393
7394
7395
7396
7397
7398
7399
7400
7401
7402
7403
7404
5360
4323
4999
4350
6761
6762
6763
6764
6758
6759
6760
6754
6657
7022
7025
7031
7035
7039
7043
7047
7051
7055
7059
7063
7067
7070
7074
7078
7081
7084
7087
7090
7097
4104
4105
7018
7021
7024
7030
7034
3531
2879
3328
1334
1509
1498
1623
1839
881
885
2310
2029
3466
642
846
1756
1064
7356
7357
7358
7359
7360
7361
7362
7363
7364
7365
7366
7367
7368
7369
7370
7371
7372
7373
7374
7375
7376
7377
7378
7379
7380
7381
7382
7383
7384
7385
7386
7387
4066
6624
6627
4388
6631
1535
1553
1571
2188
1578
3875
3178
1123
1775
1979
1146
1154
1921
258
282
2942
159
3318
1632
925
934
2988
1898
946
3481
1444
3432
2104
1428
1438
1455
1398
1493
1544
1847
1729
1471
3888
3440
1505
910
703
2313
4322
4331
4332
4333
4334
4389
4390
7526
7527
7528
7529
7530
7531
7532
7533
7534
7535
7536
7537
7538
7539
7540
7541
7542
7543
7544
7545
7546
7488
7489
7490
7491
7492
7493
7494
7495
7496
7497
7498
7499
7500
7501
7502
7503
7504
7505
7506
7507
7508
7509
7510
7511
7512
7513
7514
7515
7516
7517
7652
7653
7748
7749
7750
7751
7752
7753
4142
4143
4144
7093
7096
4103
6664
4180
4070
4182
4176
4152
6670
6673
3957
530
932
6677
4079
4081
4091
4093
4095
4097
7754
7755
7756
7757
7758
7759
7760
7761
7762
7763
7764
7765
7766
7767
7768
7769
7770
7771
7772
7773
6687
6688
6689
6690
6691
6692
6693
6694
6695
4188
6703
6704
6705
4193
4194
4195
4196
4197
4198
6748
6749
4214
4316
4317
4328
4329
4330
7639
7640
7641
7642
7643
7644
7645
7646
7647
7648
7649
7650
7651
6706
6707
6708
6709
7473
7474
7475
7476
7477
7478
7479
7480
7481
7482
4179
1230
6667
6671
6674
333
3876
6678
4080
4082
4092
4094
4096
4098
4110
4113
4116
6665
4145
4146
4147
7483
7484
7485
7486
7487
7716
7717
7718
7719
7720
7721
7722
7723
7724
7725
7726
7727
7728
7729
7730
7731
7732
7073
7077
7080
7083
7086
7089
7092
7095
4106
4155
4175
7032
7036
7040
7044
7048
7052
7056
7060
7064
7068
7071
7075
7079
7082
7607
7608
7609
7610
7611
7612
7613
7614
7615
7616
7617
7618
7619
7620
7621
7622
7623
7624
7625
7626
7627
7628
7629
7630
7631
7632
7633
7634
7635
7636
7637
7638
7085
7088
7091
7094
7098
3814
4156
1304
4069
4181
4055
4151
6669
6672
3941
4150
6668
4133
4134
4108
4117
4141
7579
7580
7581
7582
7583
7584
7585
7586
7587
7588
7589
7590
7591
4204
4205
7592
7593
7594
7038
7042
7046
7050
7547
7548
7549
7550
7551
7552
7553
7554
7555
7556
7557
7558
7559
7560
7561
7562
7563
7564
7565
7566
7567
7568
7569
7570
7571
7572
7573
7574
7575
7576
7577
7578
7595
7596
7597
7598
7599
7600
7601
7602
7603
7604
7605
7606
7654
7655
7656
7657
7658
7659
7660
7661
7662
7663
7664
7665
7666
7667
7668
7669
7670
7671
7672
4185
4186
7673
7674
7675
7676
7677
7678
7679
7680
7681
7682
7683
7684
7685
7686
7687
7688
7689
7690
7691
7692
7693
7694
7695
7696
7697
7698
7699
7700
7701
7702
7703
7704
7705
7706
7707
7708
7709
7710
7711
7712
7713
7714
7715
7733
7734
7735
7736
7737
7738
7739
7740
7741
7742
7743
7744
7745
7746
7747
7840
7841
7842
7843
7844
7845
7774
7775
7776
7777
7778
7779
7868
7869
7870
7406
7407
7408
7409
7410
7411
7412
7413
7414
7415
7416
7417
7418
7419
7420
7421
7422
7423
7424
7425
7426
7405
7427
7428
7429
7430
7431
7432
7433
7434
7435
7436
7437
7896
7897
7898
7899
7900
7901
7902
7903
7904
7905
7906
7907
7908
7909
7910
7911
7912
7913
7914
7915
7916
7917
7918
7919
7808
7809
7810
7811
7812
7813
7814
7815
7816
7817
7818
7819
7820
7821
7822
7823
7824
7825
7826
7827
7828
7829
7830
7831
7832
7833
7834
7835
7836
7837
7838
7839
7920
7921
7922
7923
7924
7925
7926
7927
7928
7929
7930
7931
7932
7933
4428
7934
7935
7936
7937
7938
7939
7940
7941
7942
7943
7944
7945
7946
7947
7948
7949
7950
7951
7952
7953
7954
7955
7956
7957
7958
7991
7992
7993
7994
7995
7996
7997
7998
7999
4427
8000
8001
8002
8003
8004
8005
8006
8007
8008
8009
8010
8011
8012
8013
8014
8015
8016
8017
8018
8019
8020
8021
8022
8023
8024
8025
8026
8027
8028
8029
8030
8031
8032
8033
8034
8035
8036
8037
8038
8039
8040
8041
8042
8043
8044
8045
8046
8047
8048
8049
8050
8051
8052
8053
8062
8063
7780
7781
7782
7783
7784
7785
7786
7787
7788
7789
7790
7791
7792
7793
7794
7795
7796
7797
7798
7799
7800
7801
7802
7803
7804
7805
4421
4422
4426
4430
7806
7807
7470
7471
7472
4391
4392
4393
4394
7871
7872
7873
7874
7875
7876
7877
7878
7879
7880
7881
7882
7883
7884
7885
7886
7887
7888
7889
7890
7891
7892
7893
7894
7895
7959
7960
7961
7438
7439
7440
7441
7442
7443
7444
7445
7446
7447
7448
7449
7450
7451
7452
7453
7454
7455
7456
7457
7458
7459
7460
7461
7462
7463
7464
7465
7466
7467
7468
7469
7962
7963
7964
7965
7966
7967
7968
7969
7970
7971
7972
7973
7974
7975
7976
7977
7978
7979
7980
7981
7982
7983
7984
7985
7986
7987
7988
7989
7990
8054
8055
8056
8057
8058
8059
8060
8061
8064
8065
4257
4307
4308
4309
4310
4311
4312
8066
8067
8068
8069
8070
8071
8072
8073
8074
8075
8076
8077
8078
8079
8080
8081
8082
8083
8084
8085
8086
8087
8088
8089
8090
8091
8092
8093
8094
8095
4325
4326
4327
4340
7518
7519
8121
8122
8123
8124
8125
8126
8127
8128
8129
8130
8131
8132
8133
8134
8135
8136
4109
4112
4178
4115
4119
3505
6666
3575
3927
3949
3530
3592
3987
4107
4111
4114
4118
4068
6680
6681
6682
6683
6684
6685
6686
7846
7847
7848
7849
7850
7851
7852
7853
7854
7855
7856
7857
7858
7859
7860
7861
7862
7863
7864
7865
7866
7867
8146
8147
8148
8149
8150
8151
8152
4306
8153
8154
8155
8156
8157
8158
8159
8160
8161
8162
8163
8164
8165
8166
8167
8168
8169
8170
8171
8172
8173
8174
8175
8176
4416
4417
4418
8281
8282
8283
8284
8285
8286
8287
8288
8289
8290
8291
8292
8293
8294
8295
8296
8297
8298
8299
8300
8301
8302
8303
8304
8305
8306
8307
8308
8309
8177
8178
8179
8180
8181
8182
8183
8184
8185
8186
8187
8188
8189
8190
8191
8192
8193
8194
8195
8196
8197
8198
8199
8200
8201
8202
8203
8204
8205
8206
8207
8208
8328
8329
8330
8331
8332
8137
8138
8139
8140
8141
8142
8143
8144
8145
8269
8270
8271
8272
8273
8274
8275
8276
8277
8278
8279
8280
4211
4212
4213
4400
4401
4402
4403
4404
4405
4406
4407
4408
4409
4410
4411
4412
4413
4414
4415
8096
8097
8098
8099
8100
8101
8102
8103
8104
8105
8106
8107
8108
8109
8333
8334
8335
8336
8337
8338
8339
8340
8341
8342
8343
8344
8345
8346
8347
8348
8349
8350
8351
8352
8353
8354
8355
8356
8357
8358
8359
8360
8361
8362
8363
8364
4282
4283
4284
4285
4286
4287
4288
4289
4290
4291
4292
4293
4294
4295
4296
4297
4298
4299
4300
4301
4302
4258
6619
2973
2019
1821
8209
8210
8211
8212
8213
8214
8215
8216
8217
6738
8218
8219
8220
8221
8222
8223
8224
8225
8226
8227
8228
8229
8230
8231
8232
8233
8234
8235
8236
4187
6697
6710
6711
6712
6713
6714
6715
6716
6717
6718
6719
8237
8238
8239
8240
8241
8242
8243
8244
8245
8246
8247
8248
8249
8250
8251
8252
8253
8254
8255
8256
8257
8258
8259
8260
8261
8262
8263
8264
8265
8266
8267
8268
4246
4247
4249
4251
4253
4255
4259
4261
4264
3488
2002
2015
590
3161
440
777
765
1083
3637
3838
6586
6588
1889
2759
666
195
937
1661
665
3560
2030
1248
3428
1300
1120
2021
2602
250
3301
2164
2010
2836
619
3374
1034
3910
1410
6610
871
1182
2084
1883
2057
962
3276
3157
209
280
1458
410
845
1008
4386
3983
3988
564
1121
1255
1690
1128
5361
5364
5365
6614
3967
3971
3976
3980
3989
3992
6654
4005
4011
2995
4021
4018
8365
8366
4189
4190
4191
4192
8367
8368
4997
6698
4215
4245
4248
4250
4252
4254
4256
4260
4263
4265
4266
4267
4268
4269
4270
4271
4272
4273
4275
4276
4277
4278
4279
4280
4281
4998
6699
6700
8110
8111
8112
8113
8114
8115
8116
8117
8118
8119
8120
6720
6721
6722
6723
6724
6727
4208
4209
4210
4324
8310
8311
8312
8313
8314
8315
8316
8317
4341
4342
4343
4344
4345
4346
4347
4348
4349
8318
8319
8320
8321
8322
8323
8324
8325
8326
8327
537
3181
1937
1740
1831
2108
2279
1558
364
33
3585
3648
1826
2011
468
650
74
3753
3777
3973
6617
6618
866
1188
2250
3752
392
1781
1954
203
1294
4420
5362
624
1166
1385
1589
6616
1788
1914
2842
858
3426
450
3204
6615
4067
4030
3968
3977
6620
311
3479
1140
1946
373
3609
1202
1124
1281
129
42
3500
3233
514
698
2735
1960
2244
1772
2135
1101
2999
2218
3302
160
1102
136
2890
327
1506
954
1774
1357
798
1922
3005
2677
2761
3451
3219
1056
3045
266
2014
3579
1115
1529
1863
3315
3946
6609
2215
2985
2338
61
2957
895
746
1301
1214
1649
1437
6613
4382
4419
2056
404
694
483
3625
416
1524
1137
2782
2193
593
1427
11
2190
140
741
3314
3693
3932
3879
6612
2305
2103
3975
3979
3984
480
1313
2074
3657
1029
1732
1673
2889
3341
2146
2547
1451
4354
4355
4357
4358
4359
4360
4361
4362
4356
6756
6757
4352
4038
4015
4019
5300
4017
5301
4036
4034
4037
4387
6623
6622
6625
6626
6630
6628
6629
6632
6634
6633
6635
6636
6639
4396
4397
4398
4399
5366
5367
5368
5369
4431
4434
4435
4432
4433
4436
8373
4445
4446
4447
4448
4451
4452
4459
4460
3991
3994
3990
3993
4363
4364
4365
4366
4367
4012
1976
4009
4013
2079
5054
4020
5053
4014
4035
4353
3970
3982
3986
3985
8369
8370
8371
8372
4437
4438
4439
4440
4441
4442
4443
4444
8374
8375
8376
8377
8378
4449
4450
4453
4454
4455
4456
4457
4458
3969
3974
3978
3981
4368
4369
6652
6655
6653
4008
4007
4006
4010
2751
6753
6755
3914
2081
156
165
1262
1431
1780
903
968
120
2171
1931
1747
3439
945
3925
2299
6611
6621
1097
720
2050
2933
